1.4822e-322, 68725, 68870
[0 ()] => [1 (0,50,100)] => [27 (101,51,1)] => [36 (2,52,102)] => [25 (53,103)] => [26 (104,4,54)] => [13 (105,5,55)] => [17 (6,56)] => [23 (107,7,57)] => [18 (58,108,8)] => [3 (109,9,59)] => [37 (10,60,110)] => [10 (11,61,111)] => [24 (62,112,12)] => [7 (113,13,63)] => [15 (14,64,114)] => [33 (15,65,115)] => [8 (116,16,66)] => [38 (17,117,67)] => [4 (68,18,118)] => [45 (119,69,19)] => [16 (20,70,120)] => [41 (71,121)] => [21 (22,72)] => [48 (73,123,23)] => [50 (124,74,24)] => [11 (125,75,25)] => [9 (76,26,126)] => [2 (127,27,77)] => [31 (128,28,78)] => [12 (29,79,129)] => [30 (30,130)] => [47 (131,81,31)] => [32 (32,82,132)] => [40 (133,33,83)] => [6 (134,34)] => [14 (35,135,85)] => [20 (86,136,36)] => [42 (87,137,37)] => [22 (88,38,138)] => [5 (139,39)] => [29 (40,140,90)] => [28 (41,141)] => [34 (92,142,42)] => [44 (93,143,43)] => [19 (144,44,94)] => [43 (95,145)] => [46 (96,46,146)] => [39 (47,147)] => [49 (98,148)] => [35 (99,149,49)] => 
6.91284e-310, 68725, 68870
[0 ()] => [1 (0,50,100)] => [27 (101,51,1)] => [26 (2,52,102)] => [36 (53,103)] => [17 (104,4,54)] => [13 (105,5,55)] => [23 (6,56)] => [25 (107,7,57)] => [3 (58,108,8)] => [18 (109,9,59)] => [24 (10,60,110)] => [37 (11,61,111)] => [10 (62,112,12)] => [15 (113,13,63)] => [33 (14,64,114)] => [38 (15,65,115)] => [7 (116,16,66)] => [21 (17,117,67)] => [8 (68,18,118)] => [2 (119,69,19)] => [4 (20,70,120)] => [45 (71,121)] => [11 (22,72)] => [50 (73,123,23)] => [48 (124,74,24)] => [9 (125,75,25)] => [41 (76,26,126)] => [12 (127,27,77)] => [16 (128,28,78)] => [14 (29,79,129)] => [32 (30,130)] => [40 (131,81,31)] => [30 (32,82,132)] => [31 (133,33,83)] => [20 (134,34)] => [47 (35,135,85)] => [42 (86,136,36)] => [6 (87,137,37)] => [22 (88,38,138)] => [5 (139,39)] => [29 (40,140,90)] => [46 (41,141)] => [34 (92,142,42)] => [28 (93,143,43)] => [49 (144,44,94)] => [19 (95,145)] => [44 (96,46,146)] => [43 (47,147)] => [39 (98,148)] => [35 (99,149,49)] => 
Partiu em 3
1.4822e-322, 68725, 68870
[0 ()] => [1 (0,50,100)] => [27 (101,51,1)] => [26 (2,52,102)] => [36 (53,103)] => [17 (104,4,54)] => [13 (105,5,55)] => [23 (6,56)] => [25 (107,7,57)] => [3 (58,108,8)] => [18 (109,9,59)] => [24 (10,60,110)] => [37 (11,61,111)] => [10 (62,112,12)] => [15 (113,13,63)] => [33 (14,64,114)] => [38 (15,65,115)] => [7 (116,16,66)] => [21 (17,117,67)] => [8 (68,18,118)] => [2 (119,69,19)] => [4 (20,70,120)] => [45 (71,121)] => [11 (22,72)] => [50 (73,123,23)] => [48 (124,74,24)] => [9 (125,75,25)] => [41 (76,26,126)] => [12 (127,27,77)] => [16 (128,28,78)] => [14 (29,79,129)] => [32 (30,130)] => [40 (131,81,31)] => [30 (32,82,132)] => [31 (133,33,83)] => [20 (134,34)] => [47 (35,135,85)] => [42 (86,136,36)] => [6 (87,137,37)] => [22 (88,38,138)] => [5 (139,39)] => [29 (40,140,90)] => [46 (41,141)] => [34 (92,142,42)] => [28 (93,143,43)] => [49 (144,44,94)] => [19 (95,145)] => [44 (96,46,146)] => [43 (47,147)] => [39 (98,148)] => [35 (99,149,49)] => 
6.91284e-310, 68725, 68870
[0 ()] => [1 (0,50,100)] => [27 (101,51,1)] => [36 (2,52,102)] => [25 (53,103)] => [26 (104,4,54)] => [13 (105,5,55)] => [17 (6,56)] => [23 (107,7,57)] => [18 (58,108,8)] => [3 (109,9,59)] => [37 (10,60,110)] => [10 (11,61,111)] => [24 (62,112,12)] => [7 (113,13,63)] => [15 (14,64,114)] => [33 (15,65,115)] => [8 (116,16,66)] => [38 (17,117,67)] => [4 (68,18,118)] => [45 (119,69,19)] => [16 (20,70,120)] => [41 (71,121)] => [21 (22,72)] => [48 (73,123,23)] => [50 (124,74,24)] => [11 (125,75,25)] => [9 (76,26,126)] => [2 (127,27,77)] => [31 (128,28,78)] => [12 (29,79,129)] => [30 (30,130)] => [47 (131,81,31)] => [32 (32,82,132)] => [40 (133,33,83)] => [6 (134,34)] => [14 (35,135,85)] => [20 (86,136,36)] => [42 (87,137,37)] => [22 (88,38,138)] => [5 (139,39)] => [29 (40,140,90)] => [28 (41,141)] => [34 (92,142,42)] => [44 (93,143,43)] => [19 (144,44,94)] => [43 (95,145)] => [46 (96,46,146)] => [39 (47,147)] => [49 (98,148)] => [35 (99,149,49)] => 
seed 10
MAX TIME :2
